0	;92
1	;89
2	;86
3	;83.5
4	;81
5	;78.75
6	;76.5
7	;74.25
8	;72
9	;70.556
10	;69.112
11	;67.668
12	;66.214
13	;64.78
14	;63.336
15	;61.892
16	;60.448
17	;59.004
18	;58.087
19	;57.17
20	;56.253
21	;55.336
22	;54.419
23	;53.502
24	;52.285
25	;51.668
26	;50.751
27	;49.834
28	;48.917
29	;48
30	;47.167
31	;46.334
32	;45.501
33	;44.668
34	;43.835
35	;43.002
36	;42.169
37	;41.336
38	;40.503
39	;39.67
40	;38.837
41	;38.004
42	;37.254
43	;36.504
44	;35.754
45	;35.004
46	;34.254
47	;33.504
48	;32.754
49	;32.004
50	;31.254
51	;30.504
52	;29.754
53	;29.004
54	;28.588
55	;28.172
56	;27.756
57	;27.34
58	;26.924
59	;26.508
60	;26.504
61	;26.088
62	;25.672
63	;25.256
64	;24.84
65	;24.424
66	;24
67	;23.584
68	;23.168
69	;22.752
70	;22.336
71	;21.92
72	;21.504
73	;21.088
74	;20.672
75	;20.256
76	;19.84
